0.533333
0.6
1.833333
3.733333
5.8
5.866667
6.6
6.666667
11.866667
12.6
16.4
20.866667
20.933333
21.633333
21.7
23.133333
25.133333
29.4
32.533333
33.333333
34.133333
38.666667
42.366667
47.266667
52.266667
57.066667
58.3
62.466667
63.9
66.0
133.4
150.9
160.9
214.9
238.4
276.9
300.4
339.366667
362.9
389.9
393.9
412.4
424.9
445.9
458.4
476.9
527.4
539.4
561.9
574.4
586.4
588.4
607.9
620.4
637.9
649.9
709.9
749.9
816.9
856.9
923.4
963.9
1027.4
1037.9
1053.9
1063.4
1070.9
1072.9
1076.4
1096.4
1108.4
1128.4
1171.9
1176.4
1186.4
1193.4
1206.4
1208.9
1236.4
1246.9
1259.9
1266.9
1305.4
1323.4
1353.4
1371.9
1401.9
1420.4
1451.966667
1454.466667
1473.966667
1486.466667
1500.466667
1507.966667
1548.466667
1559.966667
1579.966667
1591.466667
1629.966667
1640.466667
1659.466667
1661.466667
1683.466667
1696.466667
1698.966667
1740.466667
1770.966667
1784.466667
1806.966667
1820.466667
1840.966667
1842.966667
1862.966667
1874.966667
1877.466667
1907.966667
1919.966667
1932.966667
1951.466667
1963.966667
1984.966667
1997.466667
2039.466667
2052.133333
2064.133333
2075.133333
2095.633333
2107.633333
2116.633333
2132.633333
2143.133333
2162.633333
2173.133333
2191.133333
2203.133333
2214.133333
2256.633333
2279.133333
2315.633333
2337.633333
2374.633333
2396.633333
2439.633333
2450.133333
2469.133333
2479.633333
2517.133333
2526.133333
2541.133333
2554.633333
2557.133333
2603.133333
2610.633333
2620.133333
2636.133333
2638.633333
2665.633333
2692.633333
2710.633333
2740.633333
2758.133333
2788.133333
2806.133333
2827.133333
2833.633333
2853.633333
2856.133333
2869.133333
2877.133333
2891.133333
2898.633333
2912.633333
2919.633333
2939.133333
2941.133333
2957.133333
2968.133333
2983.633333
2994.133333
3013.633333
3024.633333
3028.133333
3030.133333
3047.133333
3056.633333
3081.133333
3094.633333
3119.133333
3132.633333
3151.133333
3162.133333
3188.633333
3199.633333
3203.133333
3215.133333
3218.133333
3233.633333
3242.133333
3257.633333
3285.133333
3299.133333
3315.133333
3324.133333
3378.633333
3388.133333
3431.133333
3459.633333
3507.133333
3535.633333
3583.133333
3611.633333
3661.133333
3669.633333
3698.133333
3712.133333
3735.133333
3748.633333
3774.133333
3789.133333
3833.633333
3843.133333
3879.133333
3888.633333
3897.133333
3922.633333
3943.633333
3957.133333
3982.633333
3996.633333
4018.633333
4027.633333
4063.133333
4073.133333
4114.633333
4129.133333
4154.1
4168.6
4193.6
4208.1
4225.6
4232.6
4240.1
4243.1
4245.1
4248.6
4256.6
4262.1
4294.1
4304.6
4332.1
4341.1
4350.6
4360.1